4 5
0.000000 0.000000
0.000000 2.000000
1.440292 2.000000
1.440292 0.000000
2.131178 0.000000
3.860320 0.000000
4.826987 0.000000
4.826987 2.000000
7.183749 2.000000
7.183749 0.000000
7.183749 -0.848000
8.121809 -0.246194
8.188198 0.000000
9.372112 0.000000
19.496330 -0.217436
19.496330 0.000000
0.474319 0.000000
0.887889 0.724903
1.879541 0.656516
2.270981 0.027355
2.647182 0.000000
3.051079 0.000000
3.517745 0.000000
3.517745 -1.121550
4.617328 -1.097292
4.617328 0.000000
5.528484 0.000000
7.084761 0.000000
7.852402 0.000000
9.832983 0.191485
12.444257 0.286348
14.369518 0.000000
1.449478 0.000000
1.686016 1.135226
2.721985 1.313032
2.969584 0.000000
3.206118 0.000000
3.312590 -0.000000
3.504866 0.000000
4.069166 -0.820645
5.893255 -0.752258
6.689914 0.000000
6.994328 0.000000
8.631416 0.000000
9.373047 0.000000
10.133319 0.615484
11.538700 0.886226
12.302164 0.000000
0.000000 0.000000
0.000000 2.000000
0.884148 2.000000
0.884148 0.000000
1.187070 0.000000
2.311497 0.000000
2.625484 0.000000
2.625484 -2.000000
3.768494 -2.205160
3.768494 -0.205161
4.491896 -0.205161
14.551762 0.000000
15.551762 0.000000
16.124405 1.295058
17.463249 1.349155
18.001997 -0.027179
